http://d.wsncm.com/311/14/snap20160812152259011.json,1.423,20160809112843,1.892,20160812152006,20160812144833,10,1,正常
http://d.wsncm.com/311/14/snap20160812152332323.json,1.423,20160809112843,1.908,20160812132409,20160809192929,102,0,14号仓位货品轮廓发生变化
http://d.wsncm.com/311/14/snap20160812152332521.json,1.423,20160809112843,1.908,20160812132409,20160809192929,102,0,14号仓位货品轮廓发生变化
http://d.wsncm.com/311/14/snap20160812152338036.json,1.423,20160809112843,2.064,20160812133048,20160809192929,102,0,14号仓位货品轮廓发生变化
http://d.wsncm.com/311/14/snap20160812152338245.json,1.423,20160809112843,2.064,20160812133048,20160809192929,102,0,14号仓位货品轮廓发生变化
http://d.wsncm.com/311/14/snap20160812152339979.json,1.423,20160809112843,1.976,20160812133747,20160809192929,102,0,14号仓位货品轮廓发生变化
http://d.wsncm.com/311/14/snap20160812152340236.json,1.423,20160809112843,1.976,20160812133747,20160809192929,102,0,14号仓位货品轮廓发生变化
http://d.wsncm.com/311/14/snap20160812152554721.json,1.423,20160809112843,1.992,20160812134442,20160809192929,102,0,14号仓位货品轮廓发生变化
http://d.wsncm.com/311/14/snap20160812152554996.json,1.423,20160809112843,1.992,20160812134442,20160809192929,102,0,14号仓位货品轮廓发生变化
http://d.wsncm.com/311/14/snap20160812152559239.json,1.423,20160809112843,1.892,20160812152006,20160812144833,10,1,正常
http://d.wsncm.com/311/14/snap20160812152900101.json,1.423,20160809112843,1.964,20160812152640,20160812144833,10,1,正常
http://d.wsncm.com/311/14/snap20160812153200540.json,1.423,20160809112843,1.964,20160812152640,20160812144833,10,1,正常
http://d.wsncm.com/311/14/snap20160812153500698.json,1.423,20160809112843,1.848,20160812153315,20160812144833,10,1,正常
http://d.wsncm.com/311/14/snap20160812153802602.json,1.423,20160809112843,1.848,20160812153315,20160812144833,10,1,正常
http://d.wsncm.com/311/14/snap20160812154104350.json,1.423,20160809112843,1.9,20160812154101,20160812144833,10,1,正常
http://d.wsncm.com/311/14/snap20160812154405708.json,1.423,20160809112843,1.9,20160812154101,20160812144833,10,1,正常
http://d.wsncm.com/311/14/snap20160812154707415.json,1.423,20160809112843,1.9,20160812154101,20160812144833,10,1,正常
http://d.wsncm.com/311/14/snap20160812155008993.json,1.423,20160809112843,1.996,20160812154727,20160812144833,10,1,正常
http://d.wsncm.com/311/14/snap20160812155223392.json,1.423,20160809112843,2.12,20160812135813,20160809192929,102,1,14号仓位货品轮廓发生变化
http://d.wsncm.com/311/14/snap20160812155309111.json,1.423,20160809112843,1.996,20160812154727,20160812144833,10,1,正常
http://d.wsncm.com/311/14/snap20160812155610596.json,1.423,20160809112843,1.908,20160812155357,20160812144833,10,1,正常
http://d.wsncm.com/311/14/snap20160812155911342.json,1.423,20160809112843,1.908,20160812155357,20160812144833,10,1,正常
http://d.wsncm.com/311/14/snap20160812160212717.json,1.423,20160809112843,1.876,20160812160137,20160812144833,10,1,正常
http://d.wsncm.com/311/14/snap20160812160514052.json,1.423,20160809112843,1.876,20160812160137,20160812144833,10,1,正常
http://d.wsncm.com/311/14/snap20160812160815485.json,1.423,20160809112843,1.876,20160812160137,20160812144833,10,1,正常
http://d.wsncm.com/311/14/snap20160812161116112.json,1.423,20160809112843,1.86,20160812160825,20160812144833,10,1,正常
http://d.wsncm.com/311/14/snap20160812161417646.json,1.423,20160809112843,1.86,20160812160825,20160812144833,10,1,正常
http://d.wsncm.com/311/14/snap20160812161719346.json,1.423,20160809112843,1.908,20160812161517,20160812144833,10,1,正常
http://d.wsncm.com/311/14/snap20160812162020989.json,1.423,20160809112843,1.908,20160812161517,20160812144833,10,1,正常
http://d.wsncm.com/311/14/snap20160812162321504.json,1.423,20160809112843,1.996,20160812162221,20160812144833,10,1,正常
http://d.wsncm.com/311/14/snap20160812162622115.json,1.423,20160809112843,1.996,20160812162221,20160812144833,10,1,正常
http://d.wsncm.com/311/14/snap20160812162922382.json,1.423,20160809112843,1.964,20160812162843,20160812144833,10,1,正常
http://d.wsncm.com/311/14/snap20160812163223897.json,1.423,20160809112843,1.964,20160812162843,20160812144833,10,1,正常
http://d.wsncm.com/311/14/snap20160812163525509.json,1.423,20160809112843,1.964,20160812162843,20160812144833,10,1,正常
http://d.wsncm.com/311/14/snap20160812163827196.json,1.423,20160809112843,1.836,20160812163539,20160812144833,10,1,正常
http://d.wsncm.com/311/14/snap20160812164128256.json,1.423,20160809112843,1.836,20160812163539,20160812144833,10,1,正常
http://d.wsncm.com/311/14/snap20160812164429433.json,1.423,20160809112843,1.896,20160812164214,20160812144833,10,1,正常
http://d.wsncm.com/311/14/snap20160812164731230.json,1.423,20160809112843,1.896,20160812164214,20160812144833,10,1,正常
http://d.wsncm.com/311/14/snap20160812165031573.json,1.423,20160809112843,1.896,20160812164937,20160812144833,10,1,正常
http://d.wsncm.com/311/14/snap20160812165331768.json,1.423,20160809112843,1.896,20160812164937,20160812144833,10,1,正常
http://d.wsncm.com/311/14/snap20160812165633121.json,1.423,20160809112843,1.952,20160812165606,20160812144833,10,1,正常
http://d.wsncm.com/311/14/snap20160812165936275.json,1.423,20160809112843,1.952,20160812165606,20160812144833,10,1,正常
http://d.wsncm.com/311/14/snap20160812170237264.json,1.423,20160809112843,1.952,20160812165606,20160812144833,10,1,正常
http://d.wsncm.com/311/14/snap20160812170538866.json,1.423,20160809112843,1.912,20160812170354,20160812144833,10,1,正常
http://d.wsncm.com/311/14/snap20160812170840278.json,1.423,20160809112843,1.912,20160812170354,20160812144833,10,1,正常
http://d.wsncm.com/311/14/snap20160812171142183.json,1.423,20160809112843,1.864,20160812171009,20160812144833,10,1,正常
http://d.wsncm.com/311/14/snap20160812171444114.json,1.423,20160809112843,1.864,20160812171009,20160812144833,10,1,正常
http://d.wsncm.com/311/14/snap20160812171744526.json,1.423,20160809112843,1.864,20160812171009,20160812144833,10,1,正常
http://d.wsncm.com/311/14/snap20160812172044999.json,1.423,20160809112843,1.892,20160812171804,20160812144833,10,1,正常
http://d.wsncm.com/311/14/snap20160812172345293.json,1.423,20160809112843,1.892,20160812171804,20160812144833,10,1,正常
http://d.wsncm.com/311/14/snap20160812172646030.json,1.423,20160809112843,1.944,20160812172521,20160812144833,10,1,正常
http://d.wsncm.com/311/14/snap20160812172947335.json,1.423,20160809112843,1.944,20160812172521,20160812144833,10,1,正常
http://d.wsncm.com/311/14/snap20160812173248843.json,1.423,20160809112843,1.904,20160812173200,20160812144833,10,1,正常
http://d.wsncm.com/311/14/snap20160812173550827.json,1.423,20160809112843,1.904,20160812173200,20160812144833,10,1,正常
http://d.wsncm.com/311/14/snap20160812173851377.json,1.423,20160809112843,1.916,20160812173842,20160812144833,10,1,正常
http://d.wsncm.com/311/14/snap20160812174153370.json,1.423,20160809112843,1.916,20160812173842,20160812144833,10,1,正常
http://d.wsncm.com/311/14/snap20160812174454170.json,1.423,20160809112843,1.916,20160812173842,20160812144833,10,1,正常
http://d.wsncm.com/311/14/snap20160812174755524.json,1.423,20160809112843,1.96,20160812174557,20160812144833,10,1,正常
http://d.wsncm.com/311/14/snap20160812175057161.json,1.423,20160809112843,1.96,20160812174557,20160812144833,10,1,正常
http://d.wsncm.com/311/14/snap20160812175358713.json,1.423,20160809112843,1.96,20160812174557,20160812144833,10,1,正常
http://d.wsncm.com/311/14/snap20160812175659214.json,1.423,20160809112843,1.928,20160812175358,20160812144833,10,1,正常
http://d.wsncm.com/311/14/snap20160812175959260.json,1.423,20160809112843,1.868,20160812175958,20160812144833,10,1,正常
http://d.wsncm.com/311/14/snap20160812180300621.json,1.423,20160809112843,1.868,20160812175958,20160812144833,10,1,正常
http://d.wsncm.com/311/14/snap20160812180602415.json,1.423,20160809112843,1.868,20160812175958,20160812144833,10,1,正常
http://d.wsncm.com/311/14/snap20160812180903670.json,1.423,20160809112843,1.972,20160812180653,20160812144833,10,1,正常
http://d.wsncm.com/311/14/snap20160812181205193.json,1.423,20160809112843,1.972,20160812180653,20160812144833,10,1,正常
http://d.wsncm.com/311/14/snap20160812181506581.json,1.423,20160809112843,1.976,20160812181326,20160812144833,10,1,正常
http://d.wsncm.com/311/14/snap20160812181806796.json,1.423,20160809112843,1.976,20160812181326,20160812144833,10,1,正常
http://d.wsncm.com/311/14/snap20160812182108554.json,1.423,20160809112843,1.864,20160812182011,20160812144833,10,1,正常
http://d.wsncm.com/311/14/snap20160812182408697.json,1.423,20160809112843,1.864,20160812182011,20160812144833,10,1,正常
http://d.wsncm.com/311/14/snap20160812182709086.json,1.423,20160809112843,1.864,20160812182011,20160812144833,10,1,正常
http://d.wsncm.com/311/14/snap20160812183011450.json,1.423,20160809112843,1.888,20160812182818,20160812144833,10,1,正常
http://d.wsncm.com/311/14/snap20160812183312749.json,1.423,20160809112843,1.888,20160812182818,20160812144833,10,1,正常
http://d.wsncm.com/311/14/snap20160812183612834.json,1.423,20160809112843,1.916,20160812183558,20160812144833,10,1,正常
http://d.wsncm.com/311/14/snap20160812183913896.json,1.423,20160809112843,1.916,20160812183558,20160812144833,10,1,正常
http://d.wsncm.com/311/14/snap20160812184215150.json,1.423,20160809112843,1.916,20160812183558,20160812144833,10,1,正常
http://d.wsncm.com/311/14/snap20160812184516334.json,1.423,20160809112843,1.892,20160812184416,20160812144833,10,1,正常
http://d.wsncm.com/311/14/snap20160812184818217.json,1.423,20160809112843,1.892,20160812184416,20160812144833,10,1,正常
http://d.wsncm.com/311/14/snap20160812185118818.json,1.423,20160809112843,1.972,20160812185112,20160812144833,10,1,正常
http://d.wsncm.com/311/14/snap20160812185419455.json,1.423,20160809112843,1.972,20160812185112,20160812144833,10,1,正常
http://d.wsncm.com/311/14/snap20160812185719981.json,1.423,20160809112843,1.972,20160812185112,20160812144833,10,1,正常
http://d.wsncm.com/311/14/snap20160812190021363.json,1.423,20160809112843,1.936,20160812185906,20160812144833,10,1,正常
http://d.wsncm.com/311/14/snap20160812190323215.json,1.423,20160809112843,1.936,20160812185906,20160812144833,10,1,正常
http://d.wsncm.com/311/14/snap20160812190624109.json,1.423,20160809112843,1.884,20160812190606,20160812144833,10,1,正常
http://d.wsncm.com/311/14/snap20160812190925169.json,1.423,20160809112843,1.884,20160812190606,20160812144833,10,1,正常
http://d.wsncm.com/311/14/snap20160812191226248.json,1.423,20160809112843,1.884,20160812190606,20160812144833,10,1,正常
http://d.wsncm.com/311/14/snap20160812191527852.json,1.423,20160809112843,1.904,20160812191348,20160812144833,10,1,正常
http://d.wsncm.com/311/14/snap20160812191827896.json,1.423,20160809112843,1.904,20160812191348,20160812144833,10,1,正常
http://d.wsncm.com/311/14/snap20160812192129501.json,1.423,20160809112843,1.896,20160812192030,20160812144833,10,1,正常
http://d.wsncm.com/311/14/snap20160812192429798.json,1.423,20160809112843,1.896,20160812192030,20160812144833,10,1,正常
http://d.wsncm.com/311/14/snap20160812192731187.json,1.423,20160809112843,1.904,20160812192721,20160812144833,10,1,正常
http://d.wsncm.com/311/14/snap20160812193032409.json,1.423,20160809112843,1.904,20160812192721,20160812144833,10,1,正常
http://d.wsncm.com/311/14/snap20160812193332595.json,1.423,20160809112843,1.896,20160812193330,20160812144833,10,1,正常
http://d.wsncm.com/311/14/snap20160812193634518.json,1.423,20160809112843,1.896,20160812193330,20160812144833,10,1,正常
http://d.wsncm.com/311/14/snap20160812193935832.json,1.423,20160809112843,1.896,20160812193330,20160812144833,10,1,正常
http://d.wsncm.com/311/14/snap20160812194237424.json,1.423,20160809112843,1.924,20160812193951,20160812144833,10,1,正常
http://d.wsncm.com/311/14/snap20160812194537880.json,1.423,20160809112843,1.924,20160812193951,20160812144833,10,1,正常
http://d.wsncm.com/311/14/snap20160812194839496.json,1.423,20160809112843,1.908,20160812194715,20160812144833,10,1,正常
http://d.wsncm.com/311/14/snap20160812195139518.json,1.423,20160809112843,1.908,20160812194715,20160812144833,10,1,正常
http://d.wsncm.com/311/14/snap20160812195440510.json,1.423,20160809112843,1.908,20160812194715,20160812144833,10,1,正常
http://d.wsncm.com/311/14/snap20160812195741973.json,1.423,20160809112843,1.936,20160812195500,20160812144833,10,1,正常
http://d.wsncm.com/311/14/snap20160812200043286.json,1.423,20160809112843,1.936,20160812195500,20160812144833,10,1,正常
http://d.wsncm.com/311/14/snap20160812200344530.json,1.423,20160809112843,1.844,20160812200212,20160812144833,10,1,正常
http://d.wsncm.com/311/14/snap20160812200644607.json,1.423,20160809112843,1.844,20160812200212,20160812144833,10,1,正常
http://d.wsncm.com/311/14/snap20160812200946078.json,1.423,20160809112843,1.86,20160812200900,20160812144833,10,1,正常
http://d.wsncm.com/311/14/snap20160812201247355.json,1.423,20160809112843,1.86,20160812200900,20160812144833,10,1,正常
http://d.wsncm.com/311/14/snap20160812201547587.json,1.423,20160809112843,1.86,20160812200900,20160812144833,10,1,正常
http://d.wsncm.com/311/14/snap20160812201848650.json,1.423,20160809112843,1.948,20160812201605,20160812144833,10,1,正常
http://d.wsncm.com/311/14/snap20160812202150158.json,1.423,20160809112843,1.948,20160812201605,20160812144833,10,1,正常
http://d.wsncm.com/311/14/snap20160812202450626.json,1.423,20160809112843,1.888,20160812202325,20160812144833,10,1,正常
http://d.wsncm.com/311/14/snap20160812202751984.json,1.423,20160809112843,1.888,20160812202325,20160812144833,10,1,正常
http://d.wsncm.com/311/14/snap20160812203053588.json,1.423,20160809112843,1.856,20160812202959,20160812144833,10,1,正常
http://d.wsncm.com/311/14/snap20160812203354096.json,1.423,20160809112843,1.856,20160812202959,20160812144833,10,1,正常
http://d.wsncm.com/311/14/snap20160812203654167.json,1.423,20160809112843,1.928,20160812203647,20160812144833,10,1,正常
http://d.wsncm.com/311/14/snap20160812203955983.json,1.423,20160809112843,1.928,20160812203647,20160812144833,10,1,正常
http://d.wsncm.com/311/14/snap20160812204256534.json,1.423,20160809112843,1.928,20160812203647,20160812144833,10,0,正常
http://d.wsncm.com/311/14/snap20160812204556601.json,1.423,20160809112843,1.976,20160812204310,20160812144833,10,0,正常
http://d.wsncm.com/311/14/snap20160812204857833.json,1.423,20160809112843,1.976,20160812204310,20160812144833,10,0,正常
http://d.wsncm.com/311/14/snap20160812205159808.json,1.423,20160809112843,1.836,20160812204948,20160812144833,10,0,正常
http://d.wsncm.com/311/14/snap20160812205501394.json,1.423,20160809112843,1.836,20160812204948,20160812144833,10,0,正常
http://d.wsncm.com/311/14/snap20160812205801487.json,1.423,20160809112843,1.9,20160812205556,20160812144833,10,0,正常
http://d.wsncm.com/311/14/snap20160812210102547.json,1.423,20160809112843,1.9,20160812205556,20160812144833,10,0,正常
http://d.wsncm.com/311/14/snap20160812210404123.json,1.423,20160809112843,2.028,20160812210301,20160812144833,10,0,正常
http://d.wsncm.com/311/14/snap20160812210705510.json,1.423,20160809112843,2.028,20160812210301,20160812144833,10,1,正常
http://d.wsncm.com/311/14/snap20160812211006997.json,1.423,20160809112843,1.88,20160812210934,20160812144833,101,1,正常
http://d.wsncm.com/311/14/snap20160812211308377.json,1.423,20160809112843,1.836,20160812211121,20160812144833,10,1,正常
http://d.wsncm.com/311/14/snap20160812211609763.json,1.423,20160809112843,1.836,20160812211121,20160812144833,10,1,正常
http://d.wsncm.com/311/14/snap20160812211911113.json,1.423,20160809112843,1.896,20160812211810,20160812144833,10,1,正常
http://d.wsncm.com/311/14/snap20160812212212635.json,1.423,20160809112843,1.896,20160812211810,20160812144833,10,1,正常
http://d.wsncm.com/311/14/snap20160812212513831.json,1.423,20160809112843,1.896,20160812212436,20160812144833,101,1,正常
http://d.wsncm.com/311/14/snap20160812212815004.json,1.423,20160809112843,1.896,20160812212436,20160812144833,10,1,正常
http://d.wsncm.com/311/14/snap20160812213116861.json,1.423,20160809112843,1.896,20160812212436,20160812144833,10,1,正常
http://d.wsncm.com/311/14/snap20160812213417987.json,1.423,20160809112843,1.928,20160812213146,20160812144833,10,1,正常
http://d.wsncm.com/311/14/snap20160812213718555.json,1.423,20160809112843,1.928,20160812213146,20160812144833,10,1,正常
http://d.wsncm.com/311/14/snap20160812214018882.json,1.423,20160809112843,1.856,20160812213935,20160812144833,10,1,正常
http://d.wsncm.com/311/14/snap20160812214319978.json,1.423,20160809112843,1.856,20160812213935,20160812144833,10,1,正常
http://d.wsncm.com/311/14/snap20160812214621555.json,1.423,20160809112843,1.856,20160812213935,20160812144833,10,1,正常
http://d.wsncm.com/311/14/snap20160812214923006.json,1.423,20160809112843,1.844,20160812214658,20160812144833,10,1,正常
http://d.wsncm.com/311/14/snap20160812215224792.json,1.423,20160809112843,1.844,20160812214658,20160812144833,10,1,正常
http://d.wsncm.com/311/14/snap20160812215526193.json,1.423,20160809112843,1.84,20160812215349,20160812144833,10,1,正常
http://d.wsncm.com/311/14/snap20160812215827778.json,1.423,20160809112843,1.84,20160812215349,20160812144833,10,1,正常
http://d.wsncm.com/311/14/snap20160812220129519.json,1.423,20160809112843,1.884,20160812220058,20160812144833,10,1,正常
http://d.wsncm.com/311/14/snap20160812220430213.json,1.423,20160809112843,1.884,20160812220058,20160812144833,10,1,正常
http://d.wsncm.com/311/14/snap20160812220731192.json,1.423,20160809112843,1.884,20160812220058,20160812144833,10,1,正常
http://d.wsncm.com/311/14/snap20160812221032075.json,1.423,20160809112843,1.904,20160812220921,20160812144833,10,1,正常
http://d.wsncm.com/311/14/snap20160812221332439.json,1.423,20160809112843,1.904,20160812220921,20160812144833,10,1,正常
http://d.wsncm.com/311/14/snap20160812221633076.json,1.423,20160809112843,1.904,20160812220921,20160812144833,10,1,正常
http://d.wsncm.com/311/14/snap20160812221933448.json,1.423,20160809112843,1.936,20160812221725,20160812144833,10,1,正常
http://d.wsncm.com/311/14/snap20160812222235632.json,1.423,20160809112843,1.936,20160812221725,20160812144833,10,1,正常
http://d.wsncm.com/311/14/snap20160812222536643.json,1.423,20160809112843,1.96,20160812222358,20160812144833,10,1,正常
http://d.wsncm.com/311/14/snap20160812222837731.json,1.423,20160809112843,1.96,20160812222358,20160812144833,10,1,正常
http://d.wsncm.com/311/14/snap20160812223139045.json,1.423,20160809112843,1.924,20160812223041,20160812144833,10,1,正常
http://d.wsncm.com/311/14/snap20160812223440971.json,1.423,20160809112843,1.924,20160812223041,20160812144833,10,1,正常
http://d.wsncm.com/311/14/snap20160812223741809.json,1.423,20160809112843,1.924,20160812223041,20160812144833,10,1,正常
http://d.wsncm.com/311/14/snap20160812224042878.json,1.423,20160809112843,1.904,20160812223832,20160812144833,10,1,正常
http://d.wsncm.com/311/14/snap20160812224344426.json,1.423,20160809112843,1.904,20160812223832,20160812144833,10,1,正常
http://d.wsncm.com/311/14/snap20160812224645060.json,1.423,20160809112843,1.904,20160812223832,20160812144833,10,1,正常
http://d.wsncm.com/311/14/snap20160812224945315.json,1.423,20160809112843,1.924,20160812224733,20160812144833,10,1,正常
http://d.wsncm.com/311/14/snap20160812225246956.json,1.423,20160809112843,1.924,20160812224733,20160812144833,10,1,正常
http://d.wsncm.com/311/14/snap20160812225547099.json,1.423,20160809112843,1.948,20160812225507,20160812144833,10,1,正常
http://d.wsncm.com/311/14/snap20160812225848266.json,1.423,20160809112843,1.948,20160812225507,20160812144833,10,1,正常
http://d.wsncm.com/311/14/snap20160812230149947.json,1.423,20160809112843,1.948,20160812225507,20160812144833,10,1,正常
http://d.wsncm.com/311/14/snap20160812230451773.json,1.423,20160809112843,1.912,20160812230218,20160812144833,10,1,正常
http://d.wsncm.com/311/14/snap20160812230752705.json,1.423,20160809112843,1.912,20160812230218,20160812144833,10,1,正常
http://d.wsncm.com/311/14/snap20160812231054563.json,1.423,20160809112843,1.908,20160812230934,20160812144833,10,1,正常
http://d.wsncm.com/311/14/snap20160812231356314.json,1.423,20160809112843,1.908,20160812230934,20160812144833,10,1,正常
http://d.wsncm.com/311/14/snap20160812231656465.json,1.423,20160809112843,1.928,20160812231654,20160812144833,10,1,正常
http://d.wsncm.com/311/14/snap20160812231957788.json,1.423,20160809112843,1.928,20160812231654,20160812144833,10,1,正常
http://d.wsncm.com/311/14/snap20160812232259368.json,1.423,20160809112843,1.928,20160812231654,20160812144833,10,1,正常
http://d.wsncm.com/311/14/snap20160812232559952.json,1.423,20160809112843,1.928,20160812231654,20160812144833,10,1,正常
http://d.wsncm.com/311/14/snap20160812232900307.json,1.423,20160809112843,1.968,20160812232604,20160812144833,10,1,正常
http://d.wsncm.com/311/14/snap20160812233201403.json,1.423,20160809112843,1.968,20160812232604,20160812144833,10,1,正常
http://d.wsncm.com/311/14/snap20160812233502800.json,1.423,20160809112843,1.864,20160812233307,20160812144833,10,1,正常
http://d.wsncm.com/311/14/snap20160812233803406.json,1.423,20160809112843,1.864,20160812233307,20160812144833,10,1,正常
http://d.wsncm.com/311/14/snap20160812234103547.json,1.423,20160809112843,1.848,20160812233945,20160812144833,10,1,正常
http://d.wsncm.com/311/14/snap20160812234405109.json,1.423,20160809112843,1.848,20160812233945,20160812144833,10,1,正常
http://d.wsncm.com/311/14/snap20160812234706315.json,1.423,20160809112843,1.848,20160812233945,20160812144833,10,1,正常
http://d.wsncm.com/311/14/snap20160812235007579.json,1.423,20160809112843,1.936,20160812234718,20160812144833,10,1,正常
http://d.wsncm.com/311/14/snap20160812235309078.json,1.423,20160809112843,1.936,20160812234718,20160812144833,10,1,正常
http://d.wsncm.com/311/14/snap20160812235609377.json,1.423,20160809112843,1.932,20160812235331,20160812144833,10,1,正常
http://d.wsncm.com/311/14/snap20160812235910447.json,1.423,20160809112843,1.932,20160812235331,20160812144833,10,1,正常
