http://d.wsncm.com/311/13/snap20160809145140374.json,0.025,20160808144047,3,20160809025616,20160809145044,10,正常
http://d.wsncm.com/311/13/snap20160809145442063.json,0.025,20160808144047,3,20160809025616,20160809145248,10,正常
http://d.wsncm.com/311/13/snap20160809145742542.json,0.025,20160808144047,3,20160809025616,20160809145701,10,正常
http://d.wsncm.com/311/13/snap20160809150043400.json,0.025,20160808144047,3,20160809025616,20160809145908,10,正常
http://d.wsncm.com/311/13/snap20160809150345020.json,0.025,20160808144047,3,20160809025616,20160809150322,10,正常
http://d.wsncm.com/311/13/snap20160809150645115.json,0.025,20160808144047,3,20160809025616,20160809150526,10,正常
http://d.wsncm.com/311/13/snap20160809150945198.json,0.025,20160808144047,3,20160809025616,20160809150937,10,正常
http://d.wsncm.com/311/13/snap20160809151245294.json,0.025,20160808144047,3,20160809025616,20160809151143,10,正常
http://d.wsncm.com/311/13/snap20160809151545484.json,0.025,20160808144047,3,20160809025616,20160809151348,10,正常
http://d.wsncm.com/311/13/snap20160809151845799.json,0.025,20160808144047,3,20160809025616,20160809151759,10,正常
http://d.wsncm.com/311/13/snap20160809152147501.json,0.025,20160808144047,3,20160809025616,20160809152006,10,正常
http://d.wsncm.com/311/13/snap20160809152449257.json,0.025,20160808144047,3,20160809025616,20160809152417,10,正常
http://d.wsncm.com/311/13/snap20160809152749337.json,0.025,20160808144047,3,20160809025616,20160809152621,10,正常
http://d.wsncm.com/311/13/snap20160809153049487.json,0.025,20160808144047,3,20160809025616,20160809153034,10,正常
http://d.wsncm.com/311/13/snap20160809153350915.json,0.025,20160808144047,3,20160809025616,20160809153239,10,正常
http://d.wsncm.com/311/13/snap20160809153652452.json,0.025,20160808144047,0,20160809025616,20160809153651,10,正常
http://d.wsncm.com/311/13/snap20160809153952488.json,0.025,20160808144047,0,20160809025616,20160809153855,10,正常
http://d.wsncm.com/311/13/snap20160809154254488.json,0.025,20160808144047,0,20160809025616,20160809154100,10,正常
http://d.wsncm.com/311/13/snap20160809154555383.json,0.025,20160808144047,0,20160809025616,20160809154511,101,啊啊啊
http://d.wsncm.com/311/13/snap20160809154855822.json,0.025,20160808144047,0,20160809025616,20160809154717,10,正常
http://d.wsncm.com/311/13/snap20160809155157698.json,0.025,20160808144047,0,20160809025616,20160809155130,10,正常
http://d.wsncm.com/311/13/snap20160809155459521.json,0.025,20160808144047,0,20160809025616,20160809155336,10,正常
http://d.wsncm.com/311/13/snap20160809155801197.json,0.025,20160808144047,0,20160809025616,20160809155751,10,正常
http://d.wsncm.com/311/13/snap20160809160101823.json,0.025,20160808144047,0,20160809025616,20160809155957,10,正常
http://d.wsncm.com/311/13/snap20160809160403318.json,0.025,20160808144047,0,20160809025616,20160809160204,10,正常
http://d.wsncm.com/311/13/snap20160809160703321.json,0.025,20160808144047,0,20160809025616,20160809160613,10,正常
http://d.wsncm.com/311/13/snap20160809161005301.json,0.025,20160808144047,0,20160809025616,20160809160818,10,正常
http://d.wsncm.com/311/13/snap20160809161307005.json,0.025,20160808144047,0,20160809025616,20160809161232,10,正常
http://d.wsncm.com/311/13/snap20160809161607191.json,0.025,20160808144047,0,20160809025616,20160809161439,10,正常
http://d.wsncm.com/311/13/snap20160809161908265.json,0.025,20160808144047,6,20160809025616,20160809161852,10,正常
http://d.wsncm.com/311/13/snap20160809162209234.json,0.025,20160808144047,6,20160809025616,20160809162057,10,正常
http://d.wsncm.com/311/13/snap20160809162510994.json,0.025,20160808144047,6,20160809025616,20160809162508,10,正常
http://d.wsncm.com/311/13/snap20160809162812763.json,0.025,20160808144047,6,20160809025616,20160809162713,10,正常
http://d.wsncm.com/311/13/snap20160809163113098.json,0.025,20160808144047,6,20160809025616,20160809162919,10,正常
http://d.wsncm.com/311/13/snap20160809163414598.json,0.025,20160808144047,6,20160809025616,20160809163332,10,正常
http://d.wsncm.com/311/13/snap20160809163714615.json,0.025,20160808144047,6,20160809025616,20160809163536,10,正常
http://d.wsncm.com/311/13/snap20160809164015900.json,0.025,20160808144047,6,20160809025616,20160809163947,10,正常
http://d.wsncm.com/311/13/snap20160809164316018.json,0.025,20160808144047,6,20160809025616,20160809164154,10,正常
http://d.wsncm.com/311/13/snap20160809164617589.json,0.025,20160808144047,6,20160809025616,20160809164607,10,正常
http://d.wsncm.com/311/13/snap20160809164918986.json,0.025,20160808144047,6,20160809025616,20160809164815,10,正常
http://d.wsncm.com/311/13/snap20160809165220963.json,0.025,20160808144047,6,20160809025616,20160809165022,10,正常
http://d.wsncm.com/311/13/snap20160809165521292.json,0.025,20160808144047,6,20160809025616,20160809165436,10,正常
http://d.wsncm.com/311/13/snap20160809165823140.json,0.025,20160808144047,6,20160809025616,20160809165640,10,正常
http://d.wsncm.com/311/13/snap20160809170124540.json,0.025,20160808144047,6,20160809025616,20160809170051,10,正常
http://d.wsncm.com/311/13/snap20160809170425941.json,0.025,20160808144047,6,20160809025616,20160809170255,10,正常
http://d.wsncm.com/311/13/snap20160809170727935.json,0.025,20160808144047,6,20160809025616,20160809170709,10,正常
http://d.wsncm.com/311/13/snap20160809171029677.json,0.025,20160808144047,6,20160809025616,20160809170913,10,正常
http://d.wsncm.com/311/13/snap20160809171331298.json,0.025,20160808144047,6,20160809025616,20160809171328,10,正常
http://d.wsncm.com/311/13/snap20160809171632959.json,0.025,20160808144047,6,20160809025616,20160809171532,10,正常
http://d.wsncm.com/311/13/snap20160809171933044.json,0.025,20160808144047,6,20160809025616,20160809171739,10,正常
http://d.wsncm.com/311/13/snap20160809172233127.json,0.025,20160808144047,6,20160809025616,20160809172151,10,正常
http://d.wsncm.com/311/13/snap20160809172533290.json,0.025,20160808144047,0,20160809025616,20160809172357,10,正常
http://d.wsncm.com/311/13/snap20160809172834949.json,0.025,20160808144047,0,20160809025616,20160809172810,10,正常
http://d.wsncm.com/311/13/snap20160809173136804.json,0.025,20160808144047,0,20160809025616,20160809173017,10,正常
http://d.wsncm.com/311/13/snap20160809173436916.json,0.025,20160808144047,0,20160809025616,20160809173429,10,正常
http://d.wsncm.com/311/13/snap20160809173737076.json,0.025,20160808144047,0,20160809025616,20160809173639,10,正常
http://d.wsncm.com/311/13/snap20160809174038529.json,0.025,20160808144047,0,20160809025616,20160809173845,10,正常
http://d.wsncm.com/311/13/snap20160809174338670.json,0.025,20160808144047,0,20160809025616,20160809174254,10,正常
http://d.wsncm.com/311/13/snap20160809174638722.json,0.025,20160808144047,0,20160809025616,20160809174459,10,正常
http://d.wsncm.com/311/13/snap20160809174940547.json,0.025,20160808144047,0,20160809025616,20160809174912,10,正常
http://d.wsncm.com/311/13/snap20160809175240895.json,0.025,20160808144047,0,20160809025616,20160809175116,10,正常
http://d.wsncm.com/311/13/snap20160809175541456.json,0.025,20160808144047,0,20160809025616,20160809175530,10,正常
http://d.wsncm.com/311/13/snap20160809175841994.json,0.025,20160808144047,0,20160809025616,20160809175734,10,正常
http://d.wsncm.com/311/13/snap20160809180143961.json,0.025,20160808144047,0,20160809025616,20160809175940,10,正常
http://d.wsncm.com/311/13/snap20160809180444184.json,0.025,20160808144047,0,20160809025616,20160809180353,10,正常
http://d.wsncm.com/311/13/snap20160809180745902.json,0.025,20160808144047,0,20160809025616,20160809180600,10,正常
http://d.wsncm.com/311/13/snap20160809181046227.json,0.025,20160808144047,0,20160809025616,20160809181011,10,正常
http://d.wsncm.com/311/13/snap20160809181346632.json,0.025,20160808144047,0,20160809025616,20160809181215,10,正常
http://d.wsncm.com/311/13/snap20160809181646875.json,0.025,20160808144047,0,20160809025616,20160809181625,10,正常
http://d.wsncm.com/311/13/snap20160809181947761.json,0.025,20160808144047,0,20160809025616,20160809181830,10,正常
http://d.wsncm.com/311/13/snap20160809182249094.json,0.025,20160808144047,0,20160809025616,20160809182035,10,正常
http://d.wsncm.com/311/13/snap20160809182550486.json,0.025,20160808144047,0,20160809025616,20160809182459,10,正常
http://d.wsncm.com/311/13/snap20160809182851963.json,0.025,20160808144047,0,20160809025616,20160809182707,10,正常
http://d.wsncm.com/311/13/snap20160809183153157.json,0.025,20160808144047,0,20160809025616,20160809183125,10,正常
http://d.wsncm.com/311/13/snap20160809183453281.json,0.025,20160808144047,0,20160809025616,20160809183335,10,正常
http://d.wsncm.com/311/13/snap20160809183754693.json,0.025,20160808144047,0,20160809025616,20160809183545,10,正常
http://d.wsncm.com/311/13/snap20160809184056229.json,0.025,20160808144047,0,20160809025616,20160809184011,10,正常
http://d.wsncm.com/311/13/snap20160809184357599.json,0.025,20160808144047,0,20160809025616,20160809184237,10,正常
http://d.wsncm.com/311/13/snap20160809184659114.json,0.025,20160808144047,0,20160809025616,20160809184452,10,正常
http://d.wsncm.com/311/13/snap20160809184959341.json,0.025,20160808144047,0,20160809025616,20160809184928,10,正常
http://d.wsncm.com/311/13/snap20160809185259363.json,0.025,20160808144047,0,20160809025616,20160809185141,10,正常
http://d.wsncm.com/311/13/snap20160809185600524.json,0.025,20160808144047,0,20160809025616,20160809185410,10,正常
http://d.wsncm.com/311/13/snap20160809185900830.json,0.025,20160808144047,0,20160809025616,20160809185847,10,正常
http://d.wsncm.com/311/13/snap20160809190202072.json,0.025,20160808144047,0,20160809025616,20160809190102,10,正常
http://d.wsncm.com/311/13/snap20160809190502332.json,0.025,20160808144047,0,20160809025616,20160809190322,10,正常
http://d.wsncm.com/311/13/snap20160809190804234.json,0.025,20160808144047,0,20160809025616,20160809190756,10,正常
http://d.wsncm.com/311/13/snap20160809191106018.json,0.025,20160808144047,0,20160809025616,20160809191029,10,正常
http://d.wsncm.com/311/13/snap20160809191406853.json,0.025,20160808144047,0,20160809025616,20160809191309,10,正常
http://d.wsncm.com/311/13/snap20160809191706874.json,0.025,20160808144047,0,20160809025616,20160809191529,10,正常
http://d.wsncm.com/311/13/snap20160809192007209.json,0.025,20160808144047,0,20160809025616,20160809191748,10,正常
http://d.wsncm.com/311/13/snap20160809192308596.json,0.125,20160808144047,0,20160809025616,20160809192234,10,正常
http://d.wsncm.com/311/13/snap20160809192609311.json,0.125,20160808144047,0,20160809025616,20160809192454,10,正常
http://d.wsncm.com/311/13/snap20160809192911089.json,0.125,20160808144047,0,20160809025616,20160809192700,10,正常
http://d.wsncm.com/311/13/snap20160809193212633.json,0.125,20160808144047,0,20160809025616,20160809193129,10,正常
http://d.wsncm.com/311/13/snap20160809193513689.json,0.125,20160808144047,0,20160809025616,20160809193129,10,正常
http://d.wsncm.com/311/13/snap20160809193814462.json,0.125,20160808144047,0,20160809025616,20160809193129,10,正常
http://d.wsncm.com/311/13/snap20160809194116028.json,0.125,20160808144047,0,20160809025616,20160809193129,10,正常
http://d.wsncm.com/311/13/snap20160809194416055.json,0.125,20160808144047,0,20160809025616,20160809193129,10,正常
http://d.wsncm.com/311/13/snap20160809194717799.json,0.025,20160808144047,0,20160809025616,20160809193129,10,正常
http://d.wsncm.com/311/13/snap20160809195017969.json,0.025,20160808144047,0,20160809025616,20160809193129,10,正常
http://d.wsncm.com/311/13/snap20160809195319510.json,0.025,20160808144047,0,20160809025616,20160809193129,10,正常
http://d.wsncm.com/311/13/snap20160809195620450.json,0.025,20160808144047,0,20160809025616,20160809193129,10,正常
http://d.wsncm.com/311/13/snap20160809195920824.json,0.025,20160808144047,0,20160809025616,20160809193129,10,正常
http://d.wsncm.com/311/13/snap20160809200222389.json,0.025,20160808144047,0,20160809025616,20160809193129,10,正常
http://d.wsncm.com/311/13/snap20160809200523385.json,0.025,20160808144047,8,20160809025616,20160809193129,10,正常
http://d.wsncm.com/311/13/snap20160809200823855.json,0.025,20160808144047,8,20160809025616,20160809193129,10,正常
http://d.wsncm.com/311/13/snap20160809201123966.json,0.025,20160808144047,8,20160809025616,20160809193129,10,正常
http://d.wsncm.com/311/13/snap20160809201424679.json,0.025,20160808144047,8,20160809025616,20160809193129,10,正常
http://d.wsncm.com/311/13/snap20160809201725504.json,0.025,20160808144047,8,20160809025616,20160809193129,10,正常
http://d.wsncm.com/311/13/snap20160809202027427.json,0.025,20160808144047,8,20160809025616,20160809193129,10,正常
http://d.wsncm.com/311/13/snap20160809202328160.json,0.025,20160808144047,8,20160809025616,20160809193129,10,正常
http://d.wsncm.com/311/13/snap20160809202628747.json,0.025,20160808144047,8,20160809025616,20160809193129,10,正常
http://d.wsncm.com/311/13/snap20160809202930053.json,0.025,20160808144047,8,20160809025616,20160809193129,10,正常
http://d.wsncm.com/311/13/snap20160809203231348.json,0.025,20160808144047,8,20160809025616,20160809193129,10,正常
http://d.wsncm.com/311/13/snap20160809203532067.json,0.025,20160808144047,8,20160809025616,20160809193129,10,正常
http://d.wsncm.com/311/13/snap20160809203832191.json,0.025,20160808144047,8,20160809025616,20160809193129,10,正常
http://d.wsncm.com/311/13/snap20160809204132925.json,0.025,20160808144047,8,20160809025616,20160809193129,10,正常
http://d.wsncm.com/311/13/snap20160809204433117.json,0.025,20160808144047,8,20160809025616,20160809193129,10,正常
http://d.wsncm.com/311/13/snap20160809204733381.json,0.025,20160808144047,8,20160809025616,20160809193129,10,正常
http://d.wsncm.com/311/13/snap20160809205035010.json,0.025,20160808144047,8,20160809025616,20160809193129,10,正常
http://d.wsncm.com/311/13/snap20160809205336539.json,0.025,20160808144047,8,20160809025616,20160809193129,10,正常
http://d.wsncm.com/311/13/snap20160809205637806.json,0.025,20160808144047,8,20160809025616,20160809193129,10,正常
http://d.wsncm.com/311/13/snap20160809205939358.json,0.025,20160808144047,8,20160809025616,20160809193129,10,正常
http://d.wsncm.com/311/13/snap20160809210241299.json,0.025,20160808144047,8,20160809025616,20160809193129,10,正常
http://d.wsncm.com/311/13/snap20160809210541384.json,0.025,20160808144047,8,20160809025616,20160809193129,10,正常
http://d.wsncm.com/311/13/snap20160809210843060.json,0.025,20160808144047,8,20160809025616,20160809193129,10,正常
http://d.wsncm.com/311/13/snap20160809211144693.json,0.025,20160808144047,8,20160809025616,20160809193129,10,正常
http://d.wsncm.com/311/13/snap20160809211444872.json,0.025,20160808144047,8,20160809025616,20160809193129,10,正常
http://d.wsncm.com/311/13/snap20160809211745631.json,0.025,20160808144047,0,20160809025616,20160809193129,10,正常
http://d.wsncm.com/311/13/snap20160809212047611.json,0.025,20160808144047,0,20160809025616,20160809193129,10,正常
http://d.wsncm.com/311/13/snap20160809212347876.json,0.025,20160808144047,0,20160809025616,20160809193129,10,正常
http://d.wsncm.com/311/13/snap20160809212648730.json,0.025,20160808144047,0,20160809025616,20160809193129,10,正常
http://d.wsncm.com/311/13/snap20160809212949026.json,0.025,20160808144047,0,20160809025616,20160809193129,10,正常
http://d.wsncm.com/311/13/snap20160809213250185.json,0.025,20160808144047,0,20160809025616,20160809193129,10,正常
http://d.wsncm.com/311/13/snap20160809213551164.json,0.025,20160808144047,0,20160809025616,20160809193129,10,正常
http://d.wsncm.com/311/13/snap20160809213851372.json,0.025,20160808144047,0,20160809025616,20160809193129,10,正常
http://d.wsncm.com/311/13/snap20160809214153196.json,0.025,20160808144047,0,20160809025616,20160809193129,10,正常
http://d.wsncm.com/311/13/snap20160809214453223.json,0.025,20160808144047,0,20160809025616,20160809193129,10,正常
http://d.wsncm.com/311/13/snap20160809214754644.json,0.025,20160808144047,0,20160809025616,20160809193129,10,正常
http://d.wsncm.com/311/13/snap20160809215056456.json,0.025,20160808144047,0,20160809025616,20160809193129,10,正常
http://d.wsncm.com/311/13/snap20160809215357158.json,0.025,20160808144047,0,20160809025616,20160809193129,10,正常
http://d.wsncm.com/311/13/snap20160809215657519.json,0.025,20160808144047,0,20160809025616,20160809193129,10,正常
http://d.wsncm.com/311/13/snap20160809215957689.json,0.025,20160808144047,0,20160809025616,20160809193129,10,正常
http://d.wsncm.com/311/13/snap20160809220259543.json,0.025,20160808144047,0,20160809025616,20160809193129,10,正常
http://d.wsncm.com/311/13/snap20160809220601467.json,0.025,20160808144047,0,20160809025616,20160809193129,10,正常
http://d.wsncm.com/311/13/snap20160809220901910.json,0.025,20160808144047,0,20160809025616,20160809193129,10,正常
http://d.wsncm.com/311/13/snap20160809221203573.json,0.025,20160808144047,0,20160809025616,20160809193129,10,正常
http://d.wsncm.com/311/13/snap20160809221505139.json,0.025,20160808144047,0,20160809025616,20160809193129,10,正常
http://d.wsncm.com/311/13/snap20160809221806916.json,0.025,20160808144047,0,20160809025616,20160809193129,10,正常
http://d.wsncm.com/311/13/snap20160809222108355.json,0.025,20160808144047,0,20160809025616,20160809193129,10,正常
http://d.wsncm.com/311/13/snap20160809222408756.json,0.025,20160808144047,0,20160809025616,20160809193129,10,正常
http://d.wsncm.com/311/13/snap20160809222708920.json,0.025,20160808144047,0,20160809025616,20160809193129,10,正常
http://d.wsncm.com/311/13/snap20160809223010619.json,0.025,20160808144047,0,20160809025616,20160809193129,10,正常
http://d.wsncm.com/311/13/snap20160809223312529.json,0.025,20160808144047,0,20160809025616,20160809193129,10,正常
http://d.wsncm.com/311/13/snap20160809223613073.json,0.025,20160808144047,0,20160809025616,20160809193129,10,正常
http://d.wsncm.com/311/13/snap20160809223914976.json,0.025,20160808144047,0,20160809025616,20160809193129,10,正常
http://d.wsncm.com/311/13/snap20160809224215638.json,0.025,20160808144047,0,20160809025616,20160809193129,10,正常
http://d.wsncm.com/311/13/snap20160809224516045.json,0.025,20160808144047,0,20160809025616,20160809193129,10,正常
http://d.wsncm.com/311/13/snap20160809224816473.json,0.025,20160808144047,0,20160809025616,20160809193129,10,正常
http://d.wsncm.com/311/13/snap20160809225116505.json,0.025,20160808144047,0,20160809025616,20160809193129,10,正常
http://d.wsncm.com/311/13/snap20160809225416640.json,0.025,20160808144047,0,20160809025616,20160809193129,10,正常
http://d.wsncm.com/311/13/snap20160809225716685.json,0.025,20160808144047,0,20160809025616,20160809193129,10,正常
http://d.wsncm.com/311/13/snap20160809230017028.json,0.025,20160808144047,0,20160809025616,20160809193129,10,正常
http://d.wsncm.com/311/13/snap20160809230318502.json,0.025,20160808144047,0,20160809025616,20160809193129,10,正常
http://d.wsncm.com/311/13/snap20160809230620177.json,0.025,20160808144047,0,20160809025616,20160809193129,10,正常
http://d.wsncm.com/311/13/snap20160809230921710.json,0.025,20160808144047,0,20160809025616,20160809193129,10,正常
http://d.wsncm.com/311/13/snap20160809231223339.json,0.025,20160808144047,0,20160809025616,20160809193129,10,正常
http://d.wsncm.com/311/13/snap20160809231523379.json,0.025,20160808144047,0,20160809025616,20160809193129,10,正常
http://d.wsncm.com/311/13/snap20160809231824371.json,0.025,20160808144047,0,20160809025616,20160809193129,10,正常
http://d.wsncm.com/311/13/snap20160809232124816.json,0.025,20160808144047,0,20160809025616,20160809193129,10,正常
http://d.wsncm.com/311/13/snap20160809232426225.json,0.025,20160808144047,0,20160809025616,20160809193129,10,正常
http://d.wsncm.com/311/13/snap20160809232726414.json,0.025,20160808144047,0,20160809025616,20160809193129,10,正常
http://d.wsncm.com/311/13/snap20160809233028178.json,0.025,20160808144047,0,20160809025616,20160809193129,10,正常
http://d.wsncm.com/311/13/snap20160809233328457.json,0.025,20160808144047,0,20160809025616,20160809193129,10,正常
http://d.wsncm.com/311/13/snap20160809233628589.json,0.025,20160808144047,0,20160809025616,20160809193129,10,正常
http://d.wsncm.com/311/13/snap20160809233929107.json,0.025,20160808144047,0,20160809025616,20160809193129,10,正常
http://d.wsncm.com/311/13/snap20160809234229811.json,0.025,20160808144047,0,20160809025616,20160809193129,10,正常
http://d.wsncm.com/311/13/snap20160809234530632.json,0.025,20160808144047,0,20160809025616,20160809193129,10,正常
http://d.wsncm.com/311/13/snap20160809234831910.json,0.025,20160808144047,0,20160809025616,20160809193129,10,正常
http://d.wsncm.com/311/13/snap20160809235132066.json,0.025,20160808144047,0,20160809025616,20160809193129,10,正常
http://d.wsncm.com/311/13/snap20160809235433937.json,0.025,20160808144047,0,20160809025616,20160809193129,10,正常
http://d.wsncm.com/311/13/snap20160809235735743.json,0.025,20160808144047,0,20160809025616,20160809193129,10,正常